/*
+--------------------------------------------------------------------------------------------------------------------------+
|     |'a'-'z' | '0'-'9'|    +   |    -   |    (   |    )   |    ,   |    ;   |    :   |    =   |   fdt  |   sp   |  otro  |
+--------------------------------------------------------------------------------------------------------------------------+
|  0- |    1   |    3   |    5   |    6   |    7   |    8   |    9   |   10   |    11  |    14  |    13  |    0   |   14   |
+--------------------------------------------------------------------------------------------------------------------------+
|  1  |    1   |    1   |    2   |    2   |    2   |    2   |    2   |    2   |    2   |    2   |    2   |    2   |    2   |
+--------------------------------------------------------------------------------------------------------------------------+
|  2+ |   14   |   14   |   14   |   14   |   14   |   14   |   14   |   14   |   14   |   14   |   14   |   14   |   14   |
+--------------------------------------------------------------------------------------------------------------------------+
|  3  |    4   |    3   |    4   |    4   |    4   |    4   |    4   |    4   |    4   |    4   |    4   |    4   |    4   |
+--------------------------------------------------------------------------------------------------------------------------+
|  4+ |   14   |   14   |   14   |   14   |   14   |   14   |   14   |   14   |   14   |   14   |   14   |   14   |   14   |
+--------------------------------------------------------------------------------------------------------------------------+
|  5+ |   14   |   14   |   14   |   14   |   14   |   14   |   14   |   14   |   14   |   14   |   14   |   14   |   14   |
+--------------------------------------------------------------------------------------------------------------------------+
|  6+ |   14   |   14   |   14   |   14   |   14   |   14   |   14   |   14   |   14   |   14   |   14   |   14   |   14   |
+--------------------------------------------------------------------------------------------------------------------------+
|  7+ |   14   |   14   |   14   |   14   |   14   |   14   |   14   |   14   |   14   |   14   |   14   |   14   |   14   |
+--------------------------------------------------------------------------------------------------------------------------+
|  8+ |   14   |   14   |   14   |   14   |   14   |   14   |   14   |   14   |   14   |   14   |   14   |   14   |   14   |
+--------------------------------------------------------------------------------------------------------------------------+
|  9+ |   14   |   14   |   14   |   14   |   14   |   14   |   14   |   14   |   14   |   14   |   14   |   14   |   14   |
+--------------------------------------------------------------------------------------------------------------------------+
| 10+ |   14   |   14   |   14   |   14   |   14   |   14   |   14   |   14   |   14   |   14   |   14   |   14   |   14   |
+--------------------------------------------------------------------------------------------------------------------------+
| 11  |   14   |   14   |   14   |   14   |   14   |   14   |   14   |   14   |   14   |   12   |   14   |   14   |   14   |
+--------------------------------------------------------------------------------------------------------------------------+
| 12+ |   14   |   14   |   14   |   14   |   14   |   14   |   14   |   14   |   14   |   14   |   14   |   14   |   14   |
+--------------------------------------------------------------------------------------------------------------------------+
| 13+ |   14   |   14   |   14   |   14   |   14   |   14   |   14   |   14   |   14   |   14   |   14   |   14   |   14   |
+--------------------------------------------------------------------------------------------------------------------------+
| 14  |   14   |   14   |   14   |   14   |   14   |   14   |   14   |   14   |   14   |   14   |   14   |   14   |   14   |
+--------------------------------------------------------------------------------------------------------------------------+
*/

